dir = [-4.6718   -6.0335   -0.2409   -0.2409   -0.2409   -0.2409   -0.2409   -0.2409   -0.2409   -0.2409   -0.2409   -0.2419   -0.2404   -0.2411   -0.2407...
   -0.2406   -0.2403   -0.2405   -0.2404   -0.2399   -0.2399   -0.2396   -0.2397   -0.2398   -0.2396   -0.2396   -0.2392   -0.2392   -0.2392   -0.2390...
   -0.2390   -0.2386   -0.2387   -0.2385   -0.2384   -0.2383   -0.2381   -0.2382   -0.2380   -0.2379   -0.2377   -0.2377   -0.2376   -0.2374   -0.2374...
   -0.2372   -0.2370   -0.2370   -0.2369   -0.2368   -0.2367   -0.2365   -0.2365   -0.2364   -0.2363   -0.2363   -0.2361   -0.2360   -0.2358   -0.2358];
speed =[0.0098    0.0053    0.0152    0.0203    0.0253    0.0303    0.0353    0.0402    0.0452    0.0501    0.0501    0.0984    0.1450    0.1902    0.2341...
    0.2769    0.3186    0.3594    0.3993    0.4384    0.4768    0.5145    0.5515    0.5879    0.6238    0.6591    0.6939    0.7283    0.7622    0.7956...
    0.8287    0.8613    0.8936    0.9255    0.9571    0.9884    1.0193    1.0500    1.0803    1.1104    1.1402    1.1697    1.1990    1.2280    1.2568...
    1.2854    1.3137    1.3419    1.3698    1.3975    1.4251    1.4524    1.4795    1.5065    1.5333    1.5599    1.5863    1.6126    1.6387    1.6647];
sail_angle =0.2618;
V_out = [0.1000    0.2000    0.3000    0.4000    0.5000    0.6000    0.7000    0.8000    0.9000    1.0000    1.0000    2.0000    3.0000    4.0000    5.0000...
    6.0000    7.0000    8.0000    9.0000   10.0000   11.0000   12.0000   13.0000   14.0000   15.0000   16.0000   17.0000   18.0000   19.0000   20.0000...
   21.0000   22.0000   23.0000   24.0000   25.0000   26.0000   27.0000   28.0000   29.0000   30.0000   31.0000   32.0000   33.0000   34.0000   35.0000...
   36.0000   37.0000   38.0000   39.0000   40.0000   41.0000   42.0000   43.0000   44.0000   45.0000   46.0000   47.0000   48.0000   49.0000   50.0000];